0.648373842239
0.13861989975
0.000342130661011
0.383195161819
0.242340803146
0.149328231812
0.000226974487305
0.00180196762085
0.313673973083
0.000574111938477
0.218468904495
0.143981933594
0.108929872513
0.0973019599915
0.137315988541
0.0938818454742
0.525645971298
0.115890979767
0.000325202941895
0.431743860245
0.237885951996
0.176234006882
0.000228881835938
0.00181102752686
0.344492912292
0.000579118728638
0.179202079773
0.157444000244
0.132228136063
0.0770030021667
0.146786212921
0.104616165161
1.36338210106
1.1697177887
1.16902208328
1.11947584152
0.325777053833
1.20248603821
0.551055908203
1.18455004692
0.169013023376
0.000324010848999
0.534605979919
0.330587148666
0.2081990242
0.000243902206421
0.00311398506165
0.463505029678
0.00158405303955
0.273443937302
0.187945127487
0.120084047318
0.0891001224518
0.134223937988
0.156579971313
0.0856230258942
0.0887539386749
0.000526905059814
0.0519208908081
0.00906705856323
0.00910687446594
0.00917220115662
0.0902359485626
0.0785830020905
0.0789098739624
0.000241994857788
0.142959833145
0.000464916229248
0.00871515274048
0.000277042388916
0.00881600379944
0.00051212310791
0.09246301651
0.0778670310974
0.076012134552
0.000560998916626
0.100430011749
0.0733239650726
0.00046706199646
0.0845038890839
0.0740439891815
0.093092918396
0.000914096832275
0.0789268016815
0.0758628845215
0.000465869903564
0.0794770717621
0.0740940570831
0.0773370265961
0.0815401077271
0.000481128692627
0.0821709632874
0.0738248825073
0.000473022460938
0.0813279151917
0.0736870765686
0.310980081558
0.280648946762
0.287641048431
1.71196699142
